#Disambiguation Strict:
strict_macroPds:0.8007001708188862
strict_macroRds:0.8007001708188862
strict_macroF1ds:0.8007001708188862
strict_microPds:0.7808580858085808
strict_microRds:0.7808580858085808
strict_microF1ds:0.7808580858085808

